#  Sergio Garcia Rios
#  Lab 1
#  2/5/2018
#  Govt 6029


1+1 
a <- 5
b = 6

more <- a * b
b <- more + b
